-0.0087	43.0000	0
0.3752	42.9984	0
0.7505	42.9935	0
1.1256	42.9853	0
1.5007	42.9738	0
1.8756	42.9591	0
2.2504	42.9411	0
2.6251	42.9198	0
2.9995	42.8953	0
3.3737	42.8674	0
3.7477	42.8364	0
4.1214	42.8020	0
4.4947	42.7644	0
4.8677	42.7236	0
5.2404	42.6795	0
5.6126	42.6321	0
5.9844	42.5815	0
6.3558	42.5277	0
6.7267	42.4706	0
7.0970	42.4103	0
7.4669	42.3467	0
7.8361	42.2800	0
8.2048	42.2100	0
8.5728	42.1368	0
8.9402	42.0603	0
9.3069	41.9807	0
9.6729	41.8979	0
10.0382	41.8119	0
10.4026	41.7227	0
10.7663	41.6303	0
11.1292	41.5348	0
11.4913	41.4361	0
11.8524	41.3343	0
12.2127	41.2292	0
12.5720	41.1211	0
12.9303	41.0098	0
13.2877	40.8954	0
13.6441	40.7779	0
13.9994	40.6573	0
14.3537	40.5336	0
14.7069	40.4068	0
15.0589	40.2769	0
15.4098	40.1440	0
15.7596	40.0080	0
16.1081	39.8689	0
16.4554	39.7268	0
16.8014	39.5817	0
17.1462	39.4336	0
17.4897	39.2825	0
17.8318	39.1283	0
18.1726	38.9712	0
18.5120	38.8112	0
18.8500	38.6481	0
19.1865	38.4822	0
19.5216	38.3133	0
19.8552	38.1415	0
20.1873	37.9667	0
20.5178	37.7891	0
20.8468	37.6086	0
21.1742	37.4253	0
21.5000	37.2391	0
21.8241	37.0501	0
22.1466	36.8582	0
22.4674	36.6635	0
22.7865	36.4661	0
23.1039	36.2658	0
23.4195	36.0628	0
23.7333	35.8571	0
24.0453	35.6486	0
24.3555	35.4374	0
24.6638	35.2235	0
24.9702	35.0070	0
25.2748	34.7877	0
25.5774	34.5658	0
25.8780	34.3413	0
26.1767	34.1142	0
26.4734	33.8845	0
26.7681	33.6522	0
27.0608	33.4173	0
27.3514	33.1799	0
27.6399	32.9399	0
27.9263	32.6975	0
28.2105	32.4525	0
28.4927	32.2051	0
28.7726	31.9552	0
29.0504	31.7029	0
29.3259	31.4482	0
29.5992	31.1911	0
29.8703	30.9316	0
30.1391	30.6698	0
30.4056	30.4056	0
30.6698	30.1391	0
30.9316	29.8703	0
31.1911	29.5992	0
31.4482	29.3259	0
31.7029	29.0504	0
31.9552	28.7726	0
32.2051	28.4927	0
32.4525	28.2105	0
32.6975	27.9263	0
32.9399	27.6399	0
33.1799	27.3514	0
33.4173	27.0608	0
33.6522	26.7681	0
33.8845	26.4734	0
34.1142	26.1767	0
34.3413	25.8780	0
34.5658	25.5774	0
34.7877	25.2748	0
35.0070	24.9702	0
35.2235	24.6638	0
35.4374	24.3555	0
35.6486	24.0453	0
35.8571	23.7333	0
36.0628	23.4195	0
36.2658	23.1039	0
36.4661	22.7865	0
36.6635	22.4674	0
36.8582	22.1466	0
37.0501	21.8241	0
37.2391	21.5000	0
37.4253	21.1742	0
37.6086	20.8468	0
37.7891	20.5178	0
37.9667	20.1873	0
38.1415	19.8552	0
38.3133	19.5216	0
38.4822	19.1865	0
38.6481	18.8500	0
38.8112	18.5120	0
38.9712	18.1726	0
39.1283	17.8318	0
39.2825	17.4897	0
39.4336	17.1462	0
39.5817	16.8014	0
39.7268	16.4554	0
39.8689	16.1081	0
40.0080	15.7596	0
40.1440	15.4098	0
40.2769	15.0589	0
40.4068	14.7069	0
40.5336	14.3537	0
40.6573	13.9994	0
40.7779	13.6441	0
40.8954	13.2877	0
41.0098	12.9303	0
41.1211	12.5720	0
41.2292	12.2127	0
41.3343	11.8524	0
41.4361	11.4913	0
41.5348	11.1292	0
41.6303	10.7663	0
41.7227	10.4026	0
41.8119	10.0382	0
41.8979	9.6729	0
41.9807	9.3069	0
42.0603	8.9402	0
42.1368	8.5728	0
42.2100	8.2048	0
42.2800	7.8361	0
42.3467	7.4669	0
42.4103	7.0970	0
42.4706	6.7267	0
42.5277	6.3558	0
42.5815	5.9844	0
42.6321	5.6126	0
42.6795	5.2404	0
42.7236	4.8677	0
42.7644	4.4947	0
42.8020	4.1214	0
42.8364	3.7477	0
42.8674	3.3737	0
42.8953	2.9995	0
42.9198	2.6251	0
42.9411	2.2504	0
42.9591	1.8756	0
42.9738	1.5007	0
42.9853	1.1256	0
42.9935	0.7505	0
42.9984	0.3752	0
43.0000	0.0000	0
42.9983	-0.3692	0
42.9932	-0.7267	0
42.9843	-1.0726	0
42.9717	-1.4070	0
42.9552	-1.7304	0
42.9347	-2.0433	0
42.9101	-2.3462	0
42.8815	-2.6399	0
42.8488	-2.9251	0
42.8119	-3.2028	0
42.7707	-3.4739	0
42.7252	-3.7395	0
42.6752	-4.0006	0
42.6205	-4.2582	0
42.5610	-4.5137	0
42.4963	-4.7679	0
42.4261	-5.0221	0
42.3503	-5.2772	0
42.2683	-5.5344	0
42.1799	-5.7944	0
42.0847	-6.0582	0
41.9823	-6.3266	0
41.8726	-6.6003	0
41.7550	-6.8799	0
41.6295	-7.1658	0
41.4959	-7.4587	0
41.3539	-7.7587	0
41.2037	-8.0663	0
41.0453	-8.3817	0
40.8786	-8.7049	0
40.7040	-9.0361	0
40.5217	-9.3753	0
40.3321	-9.7224	0
40.1357	-10.0773	0
39.9328	-10.4399	0
39.7241	-10.8099	0
39.5102	-11.1869	0
39.2918	-11.5706	0
39.0696	-11.9604	0
38.8444	-12.3558	0
38.6170	-12.7561	0
38.3880	-13.1606	0
38.1583	-13.5683	0
37.9287	-13.9785	0
37.6997	-14.3901	0
37.4722	-14.8020	0
37.2466	-15.2131	0
37.0236	-15.6224	0
36.8035	-16.0286	0
36.5868	-16.4306	0
36.3738	-16.8273	0
36.1648	-17.2175	0
35.9598	-17.6003	0
35.7590	-17.9746	0
35.5624	-18.3395	0
35.3700	-18.6943	0
35.1818	-19.0382	0
34.9976	-19.3708	0
34.8174	-19.6915	0
34.6410	-20.0000	0
34.4647	-20.3023	0
34.2850	-20.6046	0
34.1017	-20.9069	0
33.9151	-21.2092	0
33.7252	-21.5114	0
33.5319	-21.8137	0
33.3354	-22.1158	0
33.1357	-22.4180	0
32.9328	-22.7200	0
32.7268	-23.0220	0
32.5178	-23.3239	0
32.3057	-23.6258	0
32.0907	-23.9275	0
31.8728	-24.2291	0
31.6520	-24.5306	0
31.4284	-24.8319	0
31.2021	-25.1331	0
30.9731	-25.4342	0
30.7415	-25.7350	0
30.5072	-26.0356	0
30.2705	-26.3361	0
30.0313	-26.6362	0
29.7896	-26.9362	0
29.5456	-27.2358	0
29.2993	-27.5351	0
29.0507	-27.8341	0
28.7999	-28.1328	0
28.5470	-28.4310	0
28.2919	-28.7289	0
28.0348	-29.0263	0
27.7756	-29.3233	0
27.5145	-29.6197	0
27.2515	-29.9156	0
26.9865	-30.2109	0
26.7197	-30.5056	0
26.4511	-30.7996	0
26.1808	-31.0930	0
25.9087	-31.3856	0
25.6349	-31.6774	0
25.3595	-31.9683	0
25.0824	-32.2584	0
24.8038	-32.5476	0
24.5235	-32.8358	0
24.2417	-33.1230	0
23.9584	-33.4091	0
23.6736	-33.6940	0
23.3873	-33.9777	0
23.0996	-34.2602	0
22.8104	-34.5414	0
22.5198	-34.8212	0
22.2278	-35.0996	0
21.9344	-35.3765	0
21.6396	-35.6519	0
21.3434	-35.9256	0
21.0458	-36.1977	0
20.7469	-36.4680	0
20.4466	-36.7366	0
20.1450	-37.0032	0
19.8421	-37.2679	0
19.5378	-37.5306	0
19.2321	-37.7913	0
18.9252	-38.0498	0
18.6169	-38.3061	0
18.3072	-38.5602	0
17.9962	-38.8119	0
17.6839	-39.0612	0
17.3703	-39.3080	0
17.0554	-39.5523	0
16.7391	-39.7939	0
16.4215	-40.0329	0
16.1025	-40.2692	0
15.7822	-40.5026	0
15.4607	-40.7332	0
15.1378	-40.9608	0
14.8135	-41.1854	0
14.4880	-41.4070	0
14.1611	-41.6254	0
13.8330	-41.8406	0
13.5035	-42.0525	0
13.1727	-42.2611	0
12.8407	-42.4664	0
12.5074	-42.6681	0
12.1727	-42.8664	0
11.8369	-43.0611	0
11.4997	-43.2522	0
11.1613	-43.4396	0
10.8217	-43.6233	0
10.4808	-43.8032	0
10.1388	-43.9793	0
9.7955	-44.1515	0
9.4510	-44.3197	0
9.1053	-44.4840	0
8.7585	-44.6442	0
8.4105	-44.8004	0
8.0614	-44.9525	0
7.7111	-45.1004	0
7.3598	-45.2441	0
7.0073	-45.3835	0
6.6538	-45.5188	0
6.2991	-45.6496	0
5.9435	-45.7762	0
5.5868	-45.8984	0
5.2290	-46.0162	0
4.8703	-46.1296	0
4.5105	-46.2385	0
4.1498	-46.3429	0
3.7881	-46.4428	0
3.4255	-46.5382	0
3.0619	-46.6290	0
2.6974	-46.7153	0
2.3320	-46.7969	0
1.9657	-46.8740	0
1.5985	-46.9464	0
1.2305	-47.0142	0
0.8616	-47.0774	0
0.4918	-47.1359	0
0.1212	-47.1897	0
-0.2502	-47.2388	0
-0.6224	-47.2832	0
-0.9954	-47.3229	0
-1.3692	-47.3579	0
-1.7438	-47.3882	0
-2.1191	-47.4137	0
-2.4952	-47.4346	0
-2.8720	-47.4507	0
-3.2495	-47.4620	0
-3.6278	-47.4687	0
-4.0067	-47.4706	0
-4.3864	-47.4678	0
-4.7667	-47.4602	0
-5.1476	-47.4480	0
-5.5292	-47.4310	0
-5.9115	-47.4093	0
-6.2944	-47.3829	0
-6.6778	-47.3518	0
-7.0619	-47.3160	0
-7.4466	-47.2756	0
-7.8318	-47.2305	0
-8.2176	-47.1808	0
-8.6039	-47.1264	0
-8.9907	-47.0675	0
-9.3780	-47.0039	0
-9.7658	-46.9358	0
-10.1541	-46.8631	0
-10.5428	-46.7859	0
-10.9320	-46.7042	0
-11.3216	-46.6180	0
-11.7116	-46.5274	0
-12.1020	-46.4324	0
-12.4927	-46.3329	0
-12.8839	-46.2291	0
-13.2753	-46.1210	0
-13.6671	-46.0087	0
-14.0592	-45.8920	0
-14.4515	-45.7712	0
-14.8441	-45.6462	0
-15.2370	-45.5170	0
-15.6301	-45.3838	0
-16.0235	-45.2465	0
-16.4170	-45.1052	0
-16.8100	-44.9603	0
-17.2017	-44.8119	0
-17.5921	-44.6600	0
-17.9811	-44.5048	0
-18.3688	-44.3462	0
-18.7551	-44.1842	0
-19.1400	-44.0189	0
-19.5234	-43.8502	0
-19.9053	-43.6781	0
-20.2857	-43.5028	0
-20.6645	-43.3241	0
-21.0418	-43.1421	0
-21.4175	-42.9568	0
-21.7915	-42.7683	0
-22.1639	-42.5765	0
-22.5346	-42.3815	0
-22.9036	-42.1832	0
-23.2709	-41.9817	0
-23.6363	-41.7771	0
-24.0000	-41.5692	0
-24.3618	-41.3582	0
-24.7218	-41.1440	0
-25.0799	-40.9267	0
-25.4361	-40.7063	0
-25.7904	-40.4828	0
-26.1427	-40.2562	0
-26.4930	-40.0265	0
-26.8413	-39.7938	0
-27.1875	-39.5581	0
-27.5317	-39.3193	0
-27.8737	-39.0775	0
-28.2137	-38.8328	0
-28.5515	-38.5851	0
-28.8871	-38.3345	0
-29.2205	-38.0810	0
-29.5518	-37.8245	0
-29.8807	-37.5652	0
-30.2074	-37.3030	0
-30.5318	-37.0380	0
-30.8538	-36.7701	0
-31.1735	-36.4995	0
-31.4908	-36.2261	0
-31.8058	-35.9499	0
-32.1183	-35.6710	0
-32.4283	-35.3893	0
-32.7359	-35.1050	0
-33.0410	-34.8180	0
-33.3436	-34.5283	0
-33.6436	-34.2360	0
-33.9411	-33.9411	0
-34.2360	-33.6436	0
-34.5283	-33.3436	0
-34.8180	-33.0410	0
-35.1050	-32.7359	0
-35.3893	-32.4283	0
-35.6710	-32.1183	0
-35.9499	-31.8058	0
-36.2261	-31.4908	0
-36.4995	-31.1735	0
-36.7701	-30.8538	0
-37.0380	-30.5318	0
-37.3030	-30.2074	0
-37.5652	-29.8807	0
-37.8245	-29.5518	0
-38.0810	-29.2205	0
-38.3345	-28.8871	0
-38.5851	-28.5515	0
-38.8328	-28.2137	0
-39.0775	-27.8737	0
-39.3193	-27.5317	0
-39.5581	-27.1875	0
-39.7938	-26.8413	0
-40.0265	-26.4930	0
-40.2562	-26.1427	0
-40.4828	-25.7904	0
-40.7063	-25.4361	0
-40.9267	-25.0799	0
-41.1440	-24.7218	0
-41.3582	-24.3618	0
-41.5692	-24.0000	0
-41.7803	-23.6309	0
-41.9946	-23.2494	0
-42.2126	-22.8558	0
-42.4345	-22.4503	0
-42.6606	-22.0333	0
-42.8914	-21.6052	0
-43.1270	-21.1664	0
-43.3680	-20.7176	0
-43.6145	-20.2591	0
-43.8670	-19.7917	0
-44.1257	-19.3159	0
-44.3910	-18.8325	0
-44.6631	-18.3421	0
-44.9422	-17.8456	0
-45.2284	-17.3436	0
-45.5219	-16.8370	0
-45.8227	-16.3265	0
-46.1307	-15.8130	0
-46.4459	-15.2973	0
-46.7681	-14.7800	0
-47.0970	-14.2618	0
-47.4325	-13.7436	0
-47.7742	-13.2259	0
-48.1216	-12.7091	0
-48.4743	-12.1940	0
-48.8320	-11.6808	0
-49.1939	-11.1699	0
-49.5598	-10.6617	0
-49.9289	-10.1563	0
-50.3007	-9.6539	0
-50.6748	-9.1546	0
-51.0504	-8.6584	0
-51.4271	-8.1653	0
-51.8042	-7.6753	0
-52.1813	-7.1884	0
-52.5577	-6.7042	0
-52.9330	-6.2229	0
-53.3065	-5.7441	0
-53.6777	-5.2678	0
-54.0462	-4.7938	0
-54.4113	-4.3219	0
-54.7726	-3.8520	0
-55.1295	-3.3839	0
-55.4815	-2.9177	0
-55.8282	-2.4530	0
-56.1690	-1.9899	0
-56.5034	-1.5283	0
-56.8310	-1.0682	0
-57.1513	-0.6095	0
-57.4639	-0.1522	0
-57.7684	0.3035	0
-58.0642	0.7578	0
-58.3511	1.2105	0
-58.6287	1.6616	0
-58.8966	2.1108	0
-59.1546	2.5583	0
-59.4023	3.0038	0
-59.6395	3.4472	0
-59.8660	3.8884	0
-60.0816	4.3274	0
-60.2862	4.7640	0
-60.4797	5.1981	0
-60.6620	5.6297	0
-60.8332	6.0587	0
-60.9931	6.4852	0
-61.1418	6.9091	0
-61.2795	7.3305	0
-61.4061	7.7496	0
-61.5218	8.1664	0
-61.6267	8.5811	0
-61.7209	8.9940	0
-61.8046	9.4053	0
-61.8779	9.8153	0
-61.9409	10.2245	0
-61.9938	10.6330	0
-62.0367	11.0415	0
-62.0696	11.4502	0
-62.0927	11.8597	0
-62.1060	12.2704	0
-62.1095	12.6828	0
-62.1033	13.0973	0
-62.0874	13.5145	0
-62.0618	13.9348	0
-62.0264	14.3586	0
-61.9812	14.7864	0
-61.9262	15.2185	0
-61.8614	15.6554	0
-61.7868	16.0974	0
-61.7023	16.5448	0
-61.6079	16.9978	0
-61.5036	17.4569	0
-61.3896	17.9221	0
-61.2658	18.3938	0
-61.1325	18.8721	0
-60.9896	19.3572	0
-60.8374	19.8492	0
-60.6762	20.3483	0
-60.5060	20.8546	0
-60.3273	21.3683	0
-60.1403	21.8893	0
-59.9470	22.4133	0
-59.7491	22.9355	0
-59.5467	23.4561	0
-59.3398	23.9748	0
-59.1283	24.4917	0
-58.9123	25.0068	0
-58.6918	25.5199	0
-58.4669	26.0311	0
-58.2375	26.5404	0
-58.0037	27.0476	0
-57.7655	27.5527	0
-57.5228	28.0558	0
-57.2758	28.5567	0
-57.0244	29.0554	0
-56.7687	29.5519	0
-56.5086	30.0462	0
-56.2443	30.5382	0
-55.9757	31.0278	0
-55.7028	31.5151	0
-55.4256	32.0000	0
-55.1443	32.4825	0
-54.8587	32.9624	0
-54.5690	33.4399	0
-54.2751	33.9148	0
-53.9771	34.3872	0
-53.6749	34.8569	0
-53.3687	35.3240	0
-53.0584	35.7883	0
-52.7441	36.2500	0
-52.4257	36.7089	0
-52.1034	37.1650	0
-51.7771	37.6183	0
-51.4468	38.0687	0
-51.1127	38.5162	0
-50.7746	38.9607	0
-50.4327	39.4023	0
-50.0869	39.8409	0
-49.7373	40.2765	0
-49.3840	40.7090	0
-49.0268	41.1384	0
-48.6660	41.5647	0
-48.3014	41.9878	0
-47.9332	42.4077	0
-47.5613	42.8244	0
-47.1857	43.2378	0
-46.8066	43.6479	0
-46.4240	44.0547	0
-46.0377	44.4581	0
-45.6480	44.8582	0
-45.2548	45.2548	0
-44.8582	45.6480	0
-44.4581	46.0377	0
-44.0547	46.4240	0
-43.6479	46.8066	0
-43.2378	47.1857	0
-42.8244	47.5613	0
-42.4077	47.9332	0
-41.9878	48.3014	0
-41.5647	48.6660	0
-41.1385	49.0268	0
-40.7186	49.3757	0
-40.3142	49.7042	0
-39.9248	50.0117	0
-39.5499	50.2981	0
-39.1889	50.5634	0
-38.8413	50.8078	0
-38.5065	51.0318	0
-38.1838	51.2360	0
-37.8724	51.4213	0
-37.5712	51.5887	0
-37.2792	51.7393	0
-36.9949	51.8744	0
-36.7167	51.9950	0
-36.4428	52.1024	0
-36.1710	52.1977	0
-35.8993	52.2817	0
-35.6253	52.3552	0
-35.3467	52.4187	0
-35.0612	52.4722	0
-34.7665	52.5159	0
-34.4607	52.5495	0
-34.1419	52.5724	0
-33.8086	52.5841	0
-33.4594	52.5838	0
-33.0934	52.5707	0
-32.7101	52.5439	0
-32.3090	52.5026	0
-31.8900	52.4461	0
-31.4535	52.3738	0
-30.9998	52.2850	0
-30.5295	52.1795	0
-30.0434	52.0571	0
-29.5423	51.9178	0
-29.0272	51.7616	0
-28.4992	51.5888	0
-27.9591	51.3999	0
-27.4080	51.1955	0
-26.8469	50.9763	0
-26.2767	50.7430	0
-25.6982	50.4966	0
-25.1122	50.2380	0
-24.5193	49.9684	0
-23.9202	49.6887	0
-23.3152	49.4003	0
-22.7046	49.1041	0
-22.0887	48.8015	0
-21.4674	48.4937	0
-20.8407	48.1817	0
-20.2083	47.8670	0
-19.5699	47.5507	0
-18.9251	47.2341	0
-18.2733	46.9186	0
-17.6139	46.6053	0
-16.9463	46.2957	0
-16.2699	45.9913	0
-15.5842	45.6936	0
-14.8887	45.4041	0
-14.1833	45.1245	0
-13.4680	44.8567	0
-12.7433	44.6023	0
-12.0100	44.3632	0
-11.2696	44.1411	0
-10.5239	43.9375	0
-9.7754	43.7537	0
-9.0269	43.5906	0
-8.2818	43.4489	0
-7.5436	43.3286	0
-6.8161	43.2291	0
-6.1031	43.1496	0
-5.4081	43.0884	0
-4.7346	43.0437	0
-4.0855	43.0132	0
-3.4634	42.9946	0
-2.8706	42.9854	0
-2.3087	42.9830	0
-1.7790	42.9851	0
-1.2828	42.9897	0
-0.8206	42.9946	0
-0.3930	42.9985	0
-0.0087	43.0000	0
