120.6409	74.9228	0
121.2946	73.8597	0
121.9345	72.7984	0
122.5652	71.7315	0
123.1865	70.6592	0
123.7984	69.5816	0
124.4009	68.4986	0
124.9939	67.4104	0
125.5774	66.3170	0
126.1513	65.2187	0
126.7157	64.1153	0
127.2704	63.0071	0
127.8153	61.8941	0
128.3506	60.7763	0
128.8761	59.6539	0
129.3917	58.5270	0
129.8975	57.3957	0
130.3935	56.2599	0
130.8795	55.1199	0
131.3555	53.9757	0
131.8215	52.8273	0
132.2775	51.6750	0
132.7234	50.5187	0
133.1592	49.3586	0
133.5848	48.1947	0
134.0003	47.0271	0
134.4056	45.8559	0
134.8007	44.6813	0
135.1854	43.5033	0
135.5599	42.3219	0
135.9241	41.1373	0
136.2779	39.9496	0
136.6213	38.7588	0
136.9544	37.5651	0
137.2770	36.3686	0
137.5891	35.1692	0
137.8908	33.9672	0
138.1819	32.7626	0
138.4626	31.5555	0
138.7327	30.3460	0
138.9922	29.1342	0
139.2412	27.9202	0
139.4795	26.7040	0
139.7072	25.4858	0
139.9243	24.2657	0
140.1307	23.0437	0
140.3265	21.8200	0
140.5116	20.5946	0
140.6859	19.3676	0
140.8496	18.1392	0
141.0025	16.9094	0
141.1447	15.6783	0
141.2761	14.4460	0
141.3968	13.2126	0
141.5067	11.9782	0
141.6059	10.7428	0
141.6942	9.5067	0
141.7718	8.2698	0
141.8386	7.0323	0
141.8945	5.7943	0
141.9397	4.5559	0
141.9741	3.3170	0
141.9976	2.0780	0
142.0103	0.8387	0
142.0122	-0.4005	0
142.0033	-1.6398	0
141.9836	-2.8789	0
141.9531	-4.1179	0
141.9117	-5.3565	0
141.8596	-6.5947	0
141.7966	-7.8323	0
141.7229	-9.0694	0
141.6384	-10.3058	0
141.5430	-11.5415	0
141.4369	-12.7762	0
141.3200	-14.0100	0
141.1924	-15.2427	0
141.0540	-16.4742	0
140.9049	-17.7045	0
140.7450	-18.9334	0
140.5744	-20.1609	0
140.3931	-21.3869	0
140.2012	-22.6112	0
139.9985	-23.8338	0
139.7852	-25.0546	0
139.5612	-26.2735	0
139.3266	-27.4904	0
139.0814	-28.7052	0
138.8256	-29.9178	0
138.5593	-31.1281	0
138.2824	-32.3361	0
137.9949	-33.5416	0
137.6970	-34.7445	0
137.3885	-35.9448	0
137.0696	-37.1424	0
136.7403	-38.3371	0
136.4005	-39.5289	0
136.0504	-40.7177	0
135.6899	-41.9034	0
135.3190	-43.0859	0
134.9379	-44.2651	0
134.5465	-45.4410	0
134.1448	-46.6134	0
133.7329	-47.7822	0
133.3109	-48.9474	0
132.8786	-50.1089	0
132.4363	-51.2666	0
131.9839	-52.4203	0
131.5214	-53.5701	0
131.0489	-54.7158	0
130.5664	-55.8573	0
130.0740	-56.9946	0
129.5717	-58.1275	0
129.0595	-59.2560	0
128.5375	-60.3800	0
128.0057	-61.4994	0
127.4642	-62.6141	0
126.9129	-63.7240	0
126.3520	-64.8291	0
125.7814	-65.9292	0
125.2013	-67.0244	0
124.6117	-68.1144	0
124.0125	-69.1992	0
123.4039	-70.2788	0
122.7859	-71.3530	0
122.1586	-72.4218	0
121.5219	-73.4850	0
120.8760	-74.5427	0
120.2209	-75.5947	0
119.5567	-76.6409	0
118.8833	-77.6813	0
118.2009	-78.7158	0
117.5095	-79.7443	0
116.8091	-80.7667	0
116.0999	-81.7830	0
115.3818	-82.7930	0
114.6549	-83.7967	0
113.9193	-84.7941	0
113.1750	-85.7850	0
112.4220	-86.7693	0
111.6606	-87.7471	0
110.8906	-88.7182	0
110.1122	-89.6825	0
109.3254	-90.6400	0
108.5302	-91.5905	0
107.7268	-92.5341	0
106.9152	-93.4707	0
106.0955	-94.4001	0
105.2676	-95.3224	0
104.4318	-96.2374	0
103.5880	-97.1451	0
102.7363	-98.0453	0
101.8768	-98.9381	0
101.0095	-99.8234	0
100.1346	-100.7010	0
99.2520	-101.5710	0
98.3619	-102.4333	0
97.4642	-103.2878	0
96.5592	-104.1343	0
95.6468	-104.9730	0
94.7271	-105.8037	0
93.8002	-106.6263	0
92.8661	-107.4408	0
91.9250	-108.2471	0
90.9769	-109.0451	0
90.0218	-109.8349	0
89.0599	-110.6163	0
88.0912	-111.3893	0
87.1158	-112.1538	0
86.1338	-112.9097	0
85.1452	-113.6571	0
84.1501	-114.3958	0
83.1486	-115.1257	0
82.1408	-115.8470	0
81.1268	-116.5594	0
80.1065	-117.2629	0
79.0802	-117.9575	0
78.0478	-118.6431	0
77.0095	-119.3196	0
75.9653	-119.9871	0
74.9155	-120.6454	0
73.8825	-121.2794	0
72.8871	-121.8712	0
71.9274	-122.4168	0
71.0015	-122.9135	0
70.1073	-123.3594	0
69.2425	-123.7539	0
68.4040	-124.0974	0
67.5879	-124.3910	0
66.7889	-124.6365	0
66.0002	-124.8361	0
65.2137	-124.9916	0
64.4201	-125.1039	0
63.6094	-125.1733	0
62.7716	-125.1986	0
61.8972	-125.1775	0
60.9779	-125.1066	0
60.0071	-124.9824	0
58.9801	-124.8009	0
57.8941	-124.5588	0
56.7480	-124.2538	0
55.5423	-123.8843	0
54.2789	-123.4503	0
52.9604	-122.9529	0
51.5903	-122.3945	0
50.1724	-121.7787	0
48.7111	-121.1098	0
47.2107	-120.3932	0
45.6757	-119.6348	0
44.1108	-118.8408	0
42.5207	-118.0180	0
40.9097	-117.1731	0
39.2824	-116.3131	0
37.6430	-115.4446	0
35.9959	-114.5744	0
34.3447	-113.7088	0
32.6933	-112.8537	0
31.0448	-112.0148	0
29.4022	-111.1974	0
27.7681	-110.4063	0
26.1445	-109.6457	0
24.5329	-108.9197	0
22.9346	-108.2317	0
21.3504	-107.5848	0
19.7809	-106.9818	0
18.2263	-106.4252	0
16.6873	-105.9172	0
15.1647	-105.4595	0
13.6598	-105.0536	0
12.1750	-104.7003	0
10.7137	-104.3999	0
9.2802	-104.1514	0
7.8800	-103.9529	0
6.5194	-103.8008	0
5.2050	-103.6904	0
3.9433	-103.6154	0
2.7400	-103.5686	0
1.5999	-103.5424	0
0.5263	-103.5288	0
-0.4791	-103.5204	0
-1.4164	-103.5107	0
-2.3198	-103.4944	0
-3.2229	-103.4702	0
-4.1257	-103.4381	0
-5.0282	-103.3982	0
-5.9303	-103.3504	0
-6.8320	-103.2947	0
-7.7331	-103.2311	0
-8.6337	-103.1597	0
-9.5336	-103.0804	0
-10.4328	-102.9933	0
-11.3311	-102.8983	0
-12.2287	-102.7955	0
-13.1252	-102.6849	0
-14.0208	-102.5665	0
-14.9153	-102.4402	0
-15.8087	-102.3061	0
-16.7009	-102.1643	0
-17.5918	-102.0147	0
-18.4814	-101.8573	0
-19.3695	-101.6921	0
-20.2562	-101.5192	0
-21.1413	-101.3386	0
-22.0249	-101.1502	0
-22.9067	-100.9542	0
-23.7868	-100.7504	0
-24.6651	-100.5390	0
-25.5416	-100.3200	0
-26.4160	-100.0932	0
-27.2885	-99.8589	0
-28.1589	-99.6170	0
-29.0271	-99.3675	0
-29.8931	-99.1104	0
-30.7569	-98.8457	0
-31.6183	-98.5736	0
-32.4773	-98.2939	0
-33.3338	-98.0067	0
-34.1878	-97.7121	0
-35.0392	-97.4101	0
-35.8879	-97.1006	0
-36.7339	-96.7837	0
-37.5771	-96.4595	0
-38.4174	-96.1279	0
-39.2548	-95.7889	0
-40.0892	-95.4427	0
-40.9206	-95.0893	0
-41.7488	-94.7286	0
-42.5739	-94.3606	0
-43.3957	-93.9855	0
-44.2142	-93.6032	0
-45.0294	-93.2138	0
-45.8411	-92.8173	0
-46.6493	-92.4138	0
-47.4540	-92.0032	0
-48.2551	-91.5855	0
-49.0525	-91.1610	0
-49.8461	-90.7294	0
-50.6360	-90.2910	0
-51.4220	-89.8457	0
-52.2040	-89.3935	0
-52.9822	-88.9346	0
-53.7562	-88.4688	0
-54.5262	-87.9963	0
-55.2920	-87.5172	0
-56.0536	-87.0313	0
-56.8110	-86.5389	0
-57.5640	-86.0398	0
-58.3127	-85.5342	0
-59.0568	-85.0221	0
-59.7965	-84.5035	0
-60.5317	-83.9784	0
-61.2622	-83.4470	0
-61.9881	-82.9092	0
-62.7093	-82.3651	0
-63.4256	-81.8148	0
-64.1372	-81.2582	0
-64.8438	-80.6954	0
-65.5456	-80.1264	0
-66.2423	-79.5514	0
-66.9340	-78.9703	0
-67.6206	-78.3832	0
-68.3020	-77.7901	0
-68.9782	-77.1911	0
-69.6492	-76.5862	0
-70.3149	-75.9755	0
-70.9752	-75.3590	0
-71.6301	-74.7368	0
-72.2796	-74.1089	0
-72.9236	-73.4753	0
-73.5620	-72.8361	0
-74.1948	-72.1914	0
-74.8219	-71.5412	0
-75.4434	-70.8855	0
-76.0591	-70.2245	0
-76.6690	-69.5581	0
-77.2731	-68.8864	0
-77.8713	-68.2094	0
-78.4636	-67.5273	0
-79.0499	-66.8400	0
-79.6301	-66.1476	0
-80.2043	-65.4502	0
-80.7724	-64.7478	0
-81.3344	-64.0405	0
-81.8901	-63.3283	0
-82.4397	-62.6112	0
-82.9829	-61.8894	0
-83.5198	-61.1629	0
-84.0504	-60.4317	0
-84.5745	-59.6960	0
-85.0923	-58.9557	0
-85.6035	-58.2109	0
-86.1082	-57.4616	0
-86.6064	-56.7080	0
-87.0980	-55.9501	0
-87.5829	-55.1879	0
-88.0612	-54.4215	0
-88.5327	-53.6509	0
-88.9975	-52.8763	0
-89.4556	-52.0977	0
-89.9068	-51.3150	0
-90.3512	-50.5285	0
-90.7887	-49.7381	0
-91.2193	-48.9440	0
-91.6429	-48.1461	0
-92.0595	-47.3445	0
-92.4692	-46.5394	0
-92.8718	-45.7306	0
-93.2673	-44.9185	0
-93.6558	-44.1028	0
-94.0371	-43.2839	0
-94.4112	-42.4616	0
-94.7782	-41.6361	0
-95.1379	-40.8074	0
-95.4904	-39.9757	0
-95.8356	-39.1408	0
-96.1735	-38.3030	0
-96.5041	-37.4623	0
-96.8273	-36.6187	0
-97.1432	-35.7724	0
-97.4517	-34.9233	0
-97.7527	-34.0716	0
-98.0463	-33.2172	0
-98.3325	-32.3603	0
-98.6111	-31.5010	0
-98.8822	-30.6393	0
-99.1459	-29.7752	0
-99.4019	-28.9089	0
-99.6504	-28.0403	0
-99.8913	-27.1697	0
-100.1246	-26.2969	0
-100.3503	-25.4222	0
-100.5683	-24.5455	0
-100.7787	-23.6670	0
-100.9814	-22.7866	0
-101.1764	-21.9045	0
-101.3637	-21.0208	0
-101.5432	-20.1354	0
-101.7151	-19.2485	0
-101.8792	-18.3602	0
-102.0355	-17.4704	0
-102.1841	-16.5793	0
-102.3249	-15.6870	0
-102.4579	-14.7935	0
-102.5831	-13.8988	0
-102.7005	-13.0031	0
-102.8100	-12.1064	0
-102.9118	-11.2087	0
-103.0056	-10.3102	0
-103.0917	-9.4110	0
-103.1699	-8.5110	0
-103.2402	-7.6103	0
-103.3027	-6.7091	0
-103.3573	-5.8074	0
-103.4041	-4.9052	0
-103.4429	-4.0027	0
-103.4739	-3.0998	0
-103.4970	-2.1967	0
-103.5123	-1.2935	0
-103.5196	-0.3901	0
-103.5191	0.5133	0
-103.5107	1.4166	0
-103.4944	2.3198	0
-103.4702	3.2229	0
-103.4381	4.1257	0
-103.3982	5.0282	0
-103.3504	5.9303	0
-103.2947	6.8320	0
-103.2311	7.7331	0
-103.1597	8.6337	0
-103.0804	9.5336	0
-102.9933	10.4328	0
-102.8983	11.3311	0
-102.7955	12.2287	0
-102.6849	13.1252	0
-102.5665	14.0208	0
-102.4402	14.9153	0
-102.3061	15.8087	0
-102.1643	16.7009	0
-102.0147	17.5918	0
-101.8573	18.4814	0
-101.6921	19.3695	0
-101.5192	20.2562	0
-101.3386	21.1413	0
-101.1502	22.0249	0
-100.9542	22.9067	0
-100.7504	23.7868	0
-100.5390	24.6651	0
-100.3200	25.5416	0
-100.0932	26.4160	0
-99.8589	27.2885	0
-99.6170	28.1589	0
-99.3675	29.0271	0
-99.1104	29.8931	0
-98.8457	30.7569	0
-98.5736	31.6183	0
-98.2939	32.4773	0
-98.0067	33.3338	0
-97.7121	34.1878	0
-97.4101	35.0392	0
-97.1006	35.8879	0
-96.7837	36.7339	0
-96.4595	37.5771	0
-96.1279	38.4174	0
-95.7889	39.2548	0
-95.4427	40.0892	0
-95.0893	40.9206	0
-94.7286	41.7488	0
-94.3606	42.5739	0
-93.9855	43.3957	0
-93.6032	44.2142	0
-93.2138	45.0294	0
-92.8173	45.8411	0
-92.4138	46.6493	0
-92.0032	47.4540	0
-91.5855	48.2551	0
-91.1610	49.0525	0
-90.7294	49.8461	0
-90.2910	50.6360	0
-89.8457	51.4220	0
-89.3935	52.2040	0
-88.9346	52.9822	0
-88.4688	53.7562	0
-87.9963	54.5262	0
-87.5172	55.2920	0
-87.0313	56.0536	0
-86.5389	56.8110	0
-86.0398	57.5640	0
-85.5342	58.3127	0
-85.0221	59.0568	0
-84.5035	59.7965	0
-83.9784	60.5317	0
-83.4470	61.2622	0
-82.9092	61.9881	0
-82.3651	62.7093	0
-81.8148	63.4256	0
-81.2582	64.1372	0
-80.6954	64.8438	0
-80.1264	65.5456	0
-79.5514	66.2423	0
-78.9703	66.9340	0
-78.3832	67.6206	0
-77.7901	68.3020	0
-77.1911	68.9782	0
-76.5862	69.6492	0
-75.9755	70.3149	0
-75.3590	70.9752	0
-74.7368	71.6301	0
-74.1089	72.2796	0
-73.4753	72.9236	0
-72.8361	73.5620	0
-72.1914	74.1948	0
-71.5412	74.8219	0
-70.8855	75.4434	0
-70.2245	76.0591	0
-69.5581	76.6690	0
-68.8864	77.2731	0
-68.2094	77.8713	0
-67.5273	78.4636	0
-66.8400	79.0499	0
-66.1476	79.6301	0
-65.4502	80.2043	0
-64.7478	80.7724	0
-64.0405	81.3344	0
-63.3283	81.8901	0
-62.6112	82.4397	0
-61.8894	82.9829	0
-61.1629	83.5198	0
-60.4317	84.0504	0
-59.6960	84.5745	0
-58.9557	85.0923	0
-58.2109	85.6035	0
-57.4616	86.1082	0
-56.7080	86.6064	0
-55.9501	87.0980	0
-55.1879	87.5829	0
-54.4215	88.0612	0
-53.6509	88.5327	0
-52.8763	88.9975	0
-52.0977	89.4556	0
-51.3150	89.9068	0
-50.5285	90.3512	0
-49.7381	90.7887	0
-48.9440	91.2193	0
-48.1461	91.6429	0
-47.3445	92.0595	0
-46.5394	92.4692	0
-45.7306	92.8718	0
-44.9185	93.2673	0
-44.1028	93.6558	0
-43.2839	94.0371	0
-42.4616	94.4112	0
-41.6361	94.7782	0
-40.8074	95.1379	0
-39.9757	95.4904	0
-39.1408	95.8356	0
-38.3030	96.1735	0
-37.4623	96.5041	0
-36.6187	96.8273	0
-35.7724	97.1432	0
-34.9233	97.4517	0
-34.0716	97.7527	0
-33.2172	98.0463	0
-32.3603	98.3325	0
-31.5010	98.6111	0
-30.6393	98.8822	0
-29.7752	99.1459	0
-28.9089	99.4019	0
-28.0403	99.6504	0
-27.1697	99.8913	0
-26.2969	100.1246	0
-25.4222	100.3503	0
-24.5455	100.5683	0
-23.6670	100.7787	0
-22.7866	100.9814	0
-21.9045	101.1764	0
-21.0208	101.3637	0
-20.1354	101.5432	0
-19.2485	101.7151	0
-18.3602	101.8792	0
-17.4704	102.0355	0
-16.5793	102.1841	0
-15.6773	102.3267	0
-14.7555	102.4661	0
-13.8150	102.6037	0
-12.8566	102.7413	0
-11.8811	102.8805	0
-10.8895	103.0234	0
-9.8826	103.1718	0
-8.8611	103.3278	0
-7.8260	103.4936	0
-6.7779	103.6714	0
-5.7179	103.8634	0
-4.6471	104.0717	0
-3.5665	104.2984	0
-2.4775	104.5457	0
-1.3815	104.8154	0
-0.2804	105.1090	0
0.8242	105.4280	0
1.9302	105.7733	0
3.0357	106.1457	0
4.1386	106.5454	0
5.2369	106.9721	0
6.3288	107.4253	0
7.4128	107.9040	0
8.4875	108.4069	0
9.5521	108.9324	0
10.6061	109.4788	0
11.6493	110.0441	0
12.6819	110.6264	0
13.7048	111.2236	0
14.7186	111.8336	0
15.7248	112.4547	0
16.7246	113.0848	0
17.7195	113.7221	0
18.7112	114.3649	0
19.7012	115.0113	0
20.6913	115.6596	0
21.6829	116.3082	0
22.6774	116.9552	0
23.6764	117.5992	0
24.6808	118.2382	0
25.6918	118.8706	0
26.7103	119.4945	0
27.7370	120.1084	0
28.7724	120.7103	0
29.8168	121.2984	0
30.8705	121.8711	0
31.9333	122.4265	0
33.0051	122.9630	0
34.0856	123.4788	0
35.1743	123.9722	0
36.2705	124.4419	0
37.3735	124.8862	0
38.4824	125.3038	0
39.5962	125.6934	0
40.7139	126.0539	0
41.8343	126.3842	0
42.9564	126.6835	0
44.0791	126.9509	0
45.2011	127.1858	0
46.3213	127.3878	0
47.4388	127.5564	0
48.5525	127.6915	0
49.6615	127.7928	0
50.7650	127.8605	0
51.8625	127.8944	0
52.9532	127.8949	0
54.0368	127.8622	0
55.1131	127.7965	0
56.1818	127.6982	0
57.2431	127.5676	0
58.2970	127.4051	0
59.3438	127.2112	0
60.3839	126.9863	0
61.4177	126.7306	0
62.4458	126.4447	0
63.4688	126.1290	0
64.4873	125.7838	0
65.5021	125.4096	0
66.5140	125.0069	0
67.5236	124.5762	0
68.5319	124.1179	0
69.5396	123.6329	0
70.5475	123.1216	0
71.5564	122.5849	0
72.5673	122.0236	0
73.5809	121.4386	0
74.5982	120.8309	0
75.6201	120.2017	0
76.6475	119.5520	0
77.6814	118.8833	0
78.7158	118.2009	0
79.7443	117.5095	0
80.7667	116.8091	0
81.7830	116.0999	0
82.7930	115.3818	0
83.7967	114.6549	0
84.7941	113.9193	0
85.7850	113.1750	0
86.7693	112.4220	0
87.7471	111.6606	0
88.7182	110.8906	0
89.6825	110.1122	0
90.6400	109.3254	0
91.5905	108.5302	0
92.5341	107.7268	0
93.4707	106.9152	0
94.4001	106.0955	0
95.3224	105.2676	0
96.2374	104.4318	0
97.1451	103.5880	0
98.0453	102.7363	0
98.9381	101.8768	0
99.8234	101.0095	0
100.7010	100.1346	0
101.5710	99.2520	0
102.4333	98.3619	0
103.2878	97.4642	0
104.1343	96.5592	0
104.9730	95.6468	0
105.8037	94.7271	0
106.6263	93.8002	0
107.4408	92.8661	0
108.2471	91.9250	0
109.0451	90.9769	0
109.8349	90.0218	0
110.6163	89.0599	0
111.3893	88.0912	0
112.1538	87.1158	0
112.9097	86.1338	0
113.6571	85.1452	0
114.3958	84.1501	0
115.1257	83.1486	0
115.8470	82.1408	0
116.5594	81.1268	0
117.2629	80.1065	0
117.9575	79.0802	0
118.6431	78.0478	0
119.3196	77.0095	0
119.9871	75.9653	0
120.6409	74.9228	0
